trial,timestamp,x,y,duration,image_type,image_id
1,97,522.1214990695356,513.8379915208129,0,,
1,185,216.73186468687038,394.0988176245192,88,,
1,232,42.892936570654825,332.82291546693796,47,,
1,322,-28.013770216438083,300.86344593888435,90,,
1,388,-37.320119524002294,308.91676161978125,66,,
1,421,-5.443239777313266,316.06084155987764,33,,
1,505,16.862243538730333,330.6563981502698,84,,
1,571,98.8520346355545,361.53599371421757,66,,
1,676,125.25669538535213,374.96371376945217,105,,
1,717,123.99632948790358,367.33755330988777,41,,
1,785,132.03662755495202,371.74378290999493,68,,
1,826,133.8616731071923,395.95264254843,41,,
1,901,82.66931249007078,434.7712250815321,75,,
1,960,115.66855192396523,472.54503542093425,59,,
1,1031,124.51200118214099,482.89329579183374,71,,
1,1096,222.2919727883236,569.8070205162552,65,,
1,1155,278.33685035160113,651.8942241456723,59,low,007
1,1213,334.709363276452,699.7902298664989,58,low,007
1,1314,363.85900579074655,723.2475765443388,101,low,007
1,1364,343.9731853447993,712.8107013947779,50,low,007
1,1409,314.69528211854606,701.7284514249646,45,low,007
1,1472,296.3899636749379,632.6806747598414,63,low,007
1,1513,295.97440331770747,604.2752995522684,41,low,007
1,1567,240.67339625049647,572.5002485091047,54,low,007
1,1609,227.68981501932933,559.0340406129607,42,,
1,1668,194.7621640812955,504.76968637314343,59,,
1,1709,211.73165379893655,553.5985329757732,41,,
1,1763,422.3480667344171,670.7677750381365,54,low,007
1,1809,447.4966205832218,666.7483985928952,46,low,007
1,1880,435.46211321102254,623.5978019882574,71,low,007
1,1922,385.13009199191873,582.8405288578317,42,low,007
1,1992,311.3655919227317,518.0275195835804,70,low,007
1,2088,278.75527884538144,449.9014677699582,96,high,013
1,2147,207.12529601234522,416.12989945417894,59,,
1,2197,12.958149751845305,405.80155462859886,50,,
1,2259,125.65038634018501,406.9619551996089,62,,
1,2326,263.3694588511362,469.786060623169,67,high,013
1,2409,535.9889867218694,603.1174214598395,83,low,007
1,2492,631.0497583117653,635.3741408039089,83,low,004
1,2534,677.199404731547,618.2535116148565,42,low,004
1,2610,773.362587416928,666.454368341394,76,low,004
1,2663,949.8858001347049,720.8192983255195,53,,
1,2760,1089.2820877859049,741.94689519633,97,,
1,2811,1184.8401249639644,743.404125246319,51,,
1,2861,1256.4253368153347,747.7376070665184,50,,
1,2891,1287.7766321361498,749.8221781409399,30,,
1,2942,1310.9281517540467,741.8931242996042,51,,
1,3022,1243.9511401346817,745.8201801413401,80,,
1,3073,1108.6575109513337,759.5319209641757,51,,
1,3126,999.3510314172368,776.3117531389912,53,,
1,3189,961.5602575042963,790.5852365285892,63,,
1,3252,899.4375879992645,768.7946821576859,63,,
1,3294,878.0300887631233,750.4006121435278,42,low,004
1,3392,859.4302543733777,792.680443179277,98,low,004
1,3425,859.7556251981159,832.49809459446,33,,
1,3514,825.3926292167961,849.2347881924353,89,,
1,3557,762.2753166883198,869.8859775518864,43,,
1,3626,684.4284305199133,842.2646154466696,69,,
1,3692,567.1232703091285,804.5875421075914,66,low,004
1,3754,554.5108343465967,762.7333269733953,62,low,007
1,3817,692.5260245723414,746.7405321129629,63,low,004
1,3876,777.3158404130468,748.7867852469253,59,low,004
1,3934,776.0294529821992,755.8359799961562,58,low,004
1,3971,813.112901177185,715.5328022823546,37,low,004
1,4067,868.2781160955808,610.4941029692072,96,low,004
1,4113,870.4548362756302,562.1978013554146,46,low,004
1,4175,818.2378485998447,519.2858741723684,62,low,004
1,4223,797.3307258227633,419.2515207984437,48,high,006
1,4250,818.028686023172,373.7700330405808,27,high,006
1,4323,768.5263524332884,258.41776826791755,73,high,006
1,4371,706.5562590538713,172.21781479940427,48,,
1,4429,628.9052312492103,145.1479742530712,58,,
1,4494,541.8900308977155,148.9830275991464,65,,
1,4554,459.39024723695053,173.05336021773192,60,,
1,4613,411.4398284245151,177.57804628468887,59,,
1,4707,394.3399238628797,170.6815399237726,94,,
1,4733,409.24074110529045,152.05282208912823,26,,
1,4791,457.8872249824517,139.3603652542742,58,,
1,4852,489.1988115174832,138.24702102172685,61,,
1,4944,514.8445354895977,131.72170560574986,92,,
1,5045,500.45621225642,132.69153886896305,101,,
1,5083,500.29570158253995,137.23900497440218,38,,
1,5125,494.9227014804092,136.221315077438,42,,
1,5251,459.1811239823292,121.55880475606018,126,,
1,5288,449.43518480298457,112.41699718803368,37,,
1,5346,453.8502940025732,115.3240618410903,58,,
1,5404,447.06700836642204,119.06316720955276,58,,
1,5471,446.81284108656735,150.80555254178407,67,,
1,5525,433.2473349451565,171.73164348061576,54,,
1,5642,407.2128479612968,192.68158350661642,117,high,013
1,5684,384.7965033846916,192.08256741042993,42,high,013
1,5721,388.77104307700426,190.81477809492205,37,high,013
1,5788,380.50158090727984,183.85591291090714,67,,
1,5850,385.10962290456655,185.72794831253594,62,,
1,5947,381.9424712975907,200.27093252064304,97,high,013
1,5979,390.33622256996193,217.25278971805807,32,high,013
1,6009,395.490534757807,215.92768433786586,30,high,013
1,6096,410.49911522954585,217.78174139412062,87,high,013
1,6184,392.55080511117734,218.18985383704123,88,high,013
1,6213,350.96748331900744,204.5736149345299,29,high,013
1,6304,289.5872904441294,176.70848312760583,91,,
1,6332,230.57308738418558,145.37212000846407,28,,
1,6396,228.92390191000672,115.19616668490937,64,,
1,6435,195.90884249130048,109.20542405150859,39,,
1,6504,73.60503363602773,149.59778066927004,69,,
1,6560,-74.60694769226893,192.51559093181783,56,,
1,6633,-167.14602141293966,322.48410596815785,73,,
1,6682,-231.3100143164235,407.22189380833845,49,,
1,6743,-178.7928831663532,492.85663792605874,61,,
1,6802,93.01195200744836,490.952101990004,59,,
1,6857,465.6653240458117,412.61312563558135,55,high,013
1,6960,582.6659386374126,334.89967709441584,103,high,006
1,6993,505.49173468528625,322.5602088544675,33,high,013
1,7137,482.5282066988741,358.3697050714085,144,high,013
1,7137,314.82359747059127,504.63483908923035,0,,
1,7189,346.9444126245627,502.042087120388,52,,
1,7285,216.9859412037383,561.5138342204535,96,,
1,7285,303.42219269092146,673.1380029845574,0,low,007
1,7396,352.6891947951117,765.3074623227851,111,low,007
1,7471,366.4261038005684,747.1144536541964,75,low,007
1,7471,363.6690230401288,723.3555748728942,0,low,007
1,7560,485.9053707278606,625.6251490902175,89,low,007
1,7621,501.82510729177613,622.1399613887119,61,low,007
1,7675,304.2980028484146,624.4671877738018,54,low,007
1,7816,223.8750574372082,564.9438501840821,141,,
1,7816,392.3496224472489,473.688122127321,0,high,013
1,7883,355.04365467564037,526.8938802712029,67,low,007
1,8013,185.5669652237932,416.0473353276674,130,,
1,8092,340.45355598688604,444.3211181531165,79,high,013
1,8145,423.74076514301237,566.9386869281568,53,low,007
1,8246,525.2185564649382,413.3721797327412,101,high,013
1,8300,378.92947434019044,435.76964468993015,54,high,013
1,8300,327.506260832105,447.3788561471367,0,high,013
1,8334,274.5509900770157,475.12666305396704,34,high,013
1,8408,421.6190990344519,526.2111989333113,74,low,007
1,8408,322.5324222234501,565.436755045495,0,low,007
1,8429,337.2892452014752,571.209896536668,21,low,007
1,8483,615.5364208787175,617.3721156333621,54,low,004
1,8504,492.913243407736,679.6623317663815,21,low,007
1,8571,683.5074416403077,747.4864828981196,67,low,004
1,8600,957.7863525829747,717.9564902161432,29,,
1,8663,711.8563019296469,719.2957983065631,63,low,004
1,8709,606.8140951026901,628.8046672538043,46,low,004
1,8709,401.90636829138293,639.0865131534865,0,low,007
1,8812,392.82637899349896,645.793012074904,103,low,007
1,8812,524.7565433693343,590.689967850063,0,low,007
1,8832,401.2361337158687,638.9721716261108,20,low,007
1,8908,401.8611401059382,582.4559489526167,76,low,007
1,8942,567.1828534259762,520.2231907127808,34,low,004
1,9000,530.9041374167717,556.209307179342,58,low,007
1,9037,653.8983525624172,486.1011207775281,37,high,006
1,9075,746.9111186954717,492.7149883544297,38,high,006
1,9108,789.1447245135973,566.9255352445109,33,low,004
1,9129,817.9073299180734,626.7548742083526,21,low,004
1,9175,770.9464827015972,671.050232715188,46,low,004
1,9193,676.7290650255426,688.8297205135618,18,low,004
1,9225,564.9081392837952,619.3520077855756,32,low,004
1,9262,459.9751225194176,582.6906188383188,37,low,007
1,9304,277.7982085917474,564.1016854535559,42,low,007
1,9320,154.77998847501897,544.2599912017698,16,,
1,9354,39.65538687266049,524.6529481519002,34,,
1,9391,45.79149079296058,506.52790630813746,37,,
1,9422,26.619040156088488,482.2685746503668,31,,
1,9458,18.671368796460044,472.56535583731437,36,,
1,9500,10.966106859175753,445.36098824156505,42,,
1,9520,7.425805584988346,428.34852899699644,20,,
1,9558,-1.3298878892907098,403.7593770686776,38,,
1,9604,-7.021127612937754,385.330474897379,46,,
1,9625,-71.2620034360094,380.1506129117681,21,,
1,9667,-105.34441089708672,356.16681661673005,42,,
1,9687,-135.92559591870946,339.81830957660094,20,,
1,9721,-179.20614154858774,336.39281332459984,34,,
1,9758,-233.05587413990708,371.1712463001396,37,,
1,9804,-271.88823737714876,376.96201234925786,46,,
1,9829,-327.4558380364135,412.7640267473302,25,,
1,9883,-321.5799433186787,386.1830632745851,54,,
1,9906,-268.1362065289814,378.64052636934065,23,,
1,9955,-233.6608788452104,357.91440424664523,49,,
1,10017,-45.34442938259775,389.9184264001762,62,,
1,10041,133.84882807390292,390.08676946078856,24,,
1,10077,258.4531321501071,424.8347722954013,36,high,013
