trial,timestamp,x,y,duration,image_type,image_id
1,98,424.86264582318023,1041.5787276272538,0,,
1,160,392.51193844426274,1078.863133160929,62,,
1,245,406.65702729671665,1059.7204449674991,85,,
1,270,363.6250897527884,1069.3474171497603,25,,
1,318,389.38626448472803,1055.1659509479146,48,,
1,368,410.447303007719,1043.6913345074397,50,,
1,417,462.79934834176413,1054.7283663300254,49,,
1,475,487.3897691893939,1048.9351679158967,58,,
1,525,448.19156877087005,1066.630073676142,50,,
1,608,421.9760808329209,1079.2865781186047,83,,
1,652,352.1407814274609,1085.7027725392968,44,,
1,714,347.611485110594,1086.3377383945665,62,,
1,754,432.70721947702134,1061.0469653899816,40,,
1,814,469.0498306652014,1071.6300116251111,60,,
1,875,451.700096455983,1062.7832736166713,61,,
1,910,503.6609200645922,1046.5934460677731,35,,
1,962,514.2016026837472,1032.9436188242612,52,,
1,1013,535.0842995311186,1005.0719380092501,51,,
1,1102,461.9854607751623,1005.8292006115358,89,,
1,1202,534.7092962094706,1010.8648204317026,100,,
1,1261,563.1166719435719,970.6529335671862,59,,
1,1316,513.9813407484636,930.8011740623707,55,,
1,1384,460.2156292272529,927.8872510874686,68,,
1,1404,384.7512729587662,947.335207396917,20,,
1,1438,396.3455700021665,946.9784981570446,34,,
1,1485,420.94436278006185,961.19727993908,47,,
1,1540,465.1508989264506,1003.744814344178,55,,
1,1600,540.0983541810266,1007.2203439780942,60,,
1,1643,565.2811120407266,997.0124770914468,43,,
1,1673,536.738182839959,1013.6852856452934,30,,
1,1753,505.2148523667503,1049.131313145686,80,,
1,1809,493.48320109921457,1044.7414754405092,56,,
1,1877,560.301430501001,1056.1969382953,68,,
1,1934,530.9650168063799,982.2358864206662,57,,
1,2003,562.7490097428008,962.7702176878972,69,,
1,2071,539.4382534565387,977.0343991069119,68,,
1,2124,531.8396876967399,1008.5526064737799,53,,
1,2168,477.0157950102146,1033.9374619616979,44,,
1,2233,505.9772083078484,1067.2419147504836,65,,
1,2289,498.5045520477478,1080.9299308684108,56,,
1,2341,501.84167342471716,1071.6454908002465,52,,
1,2377,565.2709881655147,1055.6434772502396,36,,
1,2410,585.5132518360692,957.8408650481047,33,,
1,2467,545.9978166283161,901.6434751559365,57,,
1,2556,587.3909106158069,857.5793069613447,89,high,011
1,2612,609.8888695505727,808.4606974230397,56,high,011
1,2665,603.9013993175273,816.0306467086143,53,high,011
1,2698,597.1653089763364,775.6799485635593,33,high,011
1,2792,561.3365071130485,671.3478392445371,94,,
1,2844,598.9392117805953,587.4162368211712,52,high,011
1,2912,690.5104929137469,511.7248063491234,68,low,002
1,3021,916.8443113486945,435.0249529955865,109,low,002
1,3063,926.4533693350198,569.4086921657535,42,high,011
1,3119,736.2475829198056,793.2841163168423,56,high,011
1,3186,387.24050290814756,983.4918516583118,67,,
1,3241,91.67947235303164,1095.6714100568734,55,,
1,3298,-96.71081819188467,994.3391087997932,57,,
1,3365,-233.54233826715455,663.2248631954573,67,,
1,3411,-175.950934790635,542.6004538305025,46,,
1,3498,-145.12732802777637,429.3519013176052,87,,
1,3538,-177.00630125759466,396.9048908829143,40,,
1,3591,-138.6101622666181,486.0323041422267,53,,
1,3667,-10.17696723813443,632.0270074389491,76,,
1,3725,3.9378442870616768,660.3143567407177,58,,
1,3834,280.4730268658683,716.5326207084407,109,,
1,3890,457.2297859261554,728.7256323718,56,,
1,3963,992.809250322839,757.8771604366129,73,low,015
1,4033,1577.2188502300692,783.9043716692903,70,,
1,4123,1600.8642991751826,616.5136023313163,90,,
1,4207,1544.523770045527,348.64573630851413,84,,
1,4236,1338.4644613401297,254.47646717948834,29,,
1,4328,1132.6473712909444,319.365805251184,92,high,008
1,4383,972.4384814324014,478.6025065318348,55,high,008
1,4421,820.6535025211448,649.4500181929413,38,high,011
1,4477,623.1936324448634,865.9585435740601,56,high,011
1,4551,347.8907506064123,774.5757437295018,74,,
1,4588,245.31193376372124,728.4685256415956,37,,
1,4641,130.0053585173282,688.892754197526,53,,
1,4724,83.24731175371946,752.4459417505395,83,,
1,4839,42.23208551496314,819.9542187707773,115,,
1,4888,-21.918020090803598,844.9246027188827,49,,
1,4969,137.1996236984585,907.1077865636089,81,,
1,5022,219.54671272653232,988.6085041203246,53,,
1,5065,711.9091953428253,1047.1179021934836,43,,
1,5111,1125.1109477693049,1064.2945096640071,46,,
1,5200,1452.85246296972,1120.6643522949112,89,,
1,5227,1620.883131401231,1249.0618582641107,27,,
1,5321,1687.895532430415,1351.2603538190324,94,,
1,5361,1709.966042682864,1327.9329718770946,40,,
1,5407,1703.1355864564862,1314.1841033641524,46,,
1,5493,1649.266646625387,1295.713965664345,86,,
1,5524,1557.0403042481987,1239.306246456316,31,,
1,5584,1435.5108972900914,1116.9277582476764,60,,
1,5639,1302.8865830257662,1054.1253975840534,55,,
1,5726,1275.2118487800772,898.5817745878509,87,low,015
1,5790,1261.5112499663207,803.8278126396722,64,low,015
1,5839,1214.6455582699105,706.6911910536087,49,low,015
1,5919,1165.694992428247,671.7116563682432,80,low,015
1,5978,1172.585739968047,658.4363585294701,59,low,015
1,6013,1138.3910183442958,623.0840252473632,35,low,015
1,6103,1092.0378530169742,594.6703121644779,90,low,015
1,6171,1034.0702299654292,568.3898614677173,68,low,015
1,6199,1029.6142364482346,549.3246676296844,28,,
1,6266,1055.0243483205484,598.1879339672815,67,low,015
1,6308,1058.3579454002172,624.801142899131,42,low,015
1,6374,1100.9899439548633,682.8032647691771,66,low,015
1,6459,1141.320135458375,752.7449646390369,85,low,015
1,6527,1185.7816968896975,846.8126974814259,68,low,015
1,6587,1215.4974913848155,722.4015902324242,60,low,015
1,6634,1129.9545713841642,618.2157078944385,47,low,015
1,6718,1025.0527593129138,544.1439042513699,84,high,008
1,6806,839.2357191172523,461.296393537646,88,low,002
1,6934,781.6474168408062,389.2388854112026,128,low,002
1,6999,747.1416446732203,368.7411580299873,65,low,002
1,7043,935.1804789096432,462.5680983174636,44,low,002
1,7138,1266.2811206289311,566.007652960048,95,low,015
1,7182,1359.7668235588328,589.0687391943926,44,,
1,7255,1191.8160198058226,309.63672543928095,73,high,008
1,7317,821.5597639713953,237.1952045599941,62,low,002
1,7390,674.7164806391318,229.17066326327088,73,low,002
1,7451,332.9273735178199,214.53115157798288,61,,
1,7495,302.5819085328594,309.0195266345453,44,,
1,7536,584.8686605706152,477.08487661551055,41,,
1,7616,765.9970021073717,490.248307746214,80,low,002
1,7679,851.000934511218,507.79503185266,63,low,002
1,7722,827.9083875402652,416.3449536051549,43,low,002
1,7831,730.406361197222,345.08853026230685,109,low,002
1,7897,471.2096691319103,264.1904807114763,66,,
1,7990,241.58844787785966,198.71687161611916,93,,
1,8108,291.66069127887306,163.8994411323897,118,,
1,8135,437.4322722507702,158.94312803205727,27,,
1,8162,484.5134473892366,152.5463034282025,27,,
1,8185,494.7969698559453,144.94624628658394,23,,
1,8231,513.9997854169143,157.88788634548249,46,,
1,8265,555.0463274676799,138.97248641622178,34,,
1,8296,660.7230817651935,115.82521956124536,31,,
1,8327,710.8210654881547,82.69928657195769,31,,
1,8359,778.2918719996637,64.59344915848203,32,,
1,8390,873.4636604714287,69.54764684670175,31,,
1,8423,924.7965582552788,47.81848588921052,33,,
1,8458,968.9912623599092,54.086438349856635,35,,
1,8496,933.4516114803037,46.614249675226766,38,,
1,8527,920.7074552047397,40.724172162932035,31,,
1,8562,913.0025744126798,32.45249827199939,35,,
1,8600,873.9739142377202,6.896488431064446,38,,
1,8647,867.2530110144759,12.422414041952235,47,,
1,8670,865.4547182378684,29.721217324111322,23,,
1,8718,839.6264121968403,15.900919807725359,48,,
1,8744,881.4937721892007,24.903425587648826,26,,
1,8791,813.1790148896953,35.652966247321125,47,,
1,8815,748.4181771496111,40.818068723482675,24,,
1,8846,652.6427838994706,34.9621446371216,31,,
1,8880,581.5333873491577,24.85097648640604,34,,
1,8911,559.2344429261931,31.35928466907643,31,,
1,8942,569.2596276682293,6.859785869080508,31,,
1,8976,574.1418763173765,4.522701556052162,34,,
1,9007,625.5237456935577,5.4491817940632385,31,,
1,9045,690.2870847510296,4.393969067924958,38,,
1,9091,697.9527223583567,-26.44388359689949,46,,
1,9141,676.5050614046145,-38.15122705242243,50,,
1,9164,712.6565713485501,-32.60737295103865,23,,
1,9204,868.8487162328753,2.5907330768752317,40,,
1,9224,952.409519197312,19.318739455706115,20,,
1,9260,1086.0394130866653,98.68860154227713,36,,
1,9295,1182.767814899024,127.12288013130647,35,,
1,9335,1277.0991258903093,179.27070519438857,40,,
1,9356,1254.5043982562845,206.5821601492343,21,high,008
1,9394,1338.6606343113974,287.8153550701573,38,,
1,9437,1408.233736651221,371.87015123519257,43,,
1,9463,1450.7047257487666,433.2532900379742,26,,
1,9507,1453.9330342613453,482.58841926073666,44,,
1,9529,1435.3128404606218,522.8816683115906,22,,
1,9568,1429.3619943408526,549.0967480052443,39,,
1,9590,1374.3169085301122,567.853049496456,22,,
1,9636,1309.4180889700583,566.9477497211211,46,low,015
1,9660,1234.456490174247,552.5789179470186,24,low,015
1,9705,1217.7733322302356,545.7338549511505,45,high,008
1,9727,1243.3530923480664,541.8745908564005,22,high,008
1,9768,1217.8710829472186,542.1329226744476,41,high,008
1,9792,1184.788913495527,531.8979046456885,24,high,008
1,9847,1158.186274380364,531.5962520293525,55,high,008
1,9877,1197.2141817273598,521.8253075670076,30,high,008
1,9915,1262.7287744598455,532.7106092445615,38,high,008
1,9975,1288.1105103828977,521.1603375153624,60,high,008
1,9998,1375.2810499540988,542.5360543439367,23,,
1,10057,1495.534958455059,535.1518580010899,59,,
1,10108,1603.8458596675327,558.7705809109648,51,,
1,10130,1667.599298393417,554.2781136553945,22,,
1,10165,1734.1207253648959,548.5956181969633,35,,
1,10203,1761.6135988073393,558.328279375361,38,,
1,10240,1764.5347983190732,550.4708128765791,37,,
1,10274,1770.7972495805313,548.7602850680998,34,,
1,10310,1809.4553312143187,547.5151689371736,36,,
1,10344,1838.294589956219,546.2188155353945,34,,
1,10383,1820.7915418932753,544.4125608049857,39,,
1,10428,1804.3279497590386,562.3751176901726,45,,
1,10449,1809.0087231058046,588.0326187214496,21,,
1,10495,1821.1496303077324,616.5370894280233,46,,
1,10514,1815.0382902403746,628.2394707029694,19,,
1,10547,1807.909137251415,637.0677044761934,33,,
1,10594,1807.639452174806,657.295641671245,47,,
1,10612,1806.4877360995238,661.8510756622906,18,,
1,10644,1795.6096934566729,681.9631418344346,32,,
1,10677,1802.8072083198426,669.8781761951567,33,,
1,10711,1807.097384593924,662.4535560916805,34,,
1,10760,1810.4433085204428,652.3313254287181,49,,
1,10782,1823.2064710651546,639.3975520354049,22,,
1,10833,1825.68076438247,625.6544652690741,51,,
1,10856,1825.2917043084547,621.4474730983574,23,,
1,10898,1826.1908634876472,610.416694038443,42,,
1,10959,1784.5745590525019,622.1640985454278,61,,
1,10976,1752.9421376431624,647.9368502432046,17,,
1,11026,1727.4276633176044,657.8997709127119,50,,
1,11056,1705.505850474683,678.0515528225577,30,,
1,11098,1690.0874217704088,684.5032017459764,42,,
1,11137,1671.2379921245727,693.9574161350649,39,,
1,11171,1669.1619957527678,711.7250244707549,34,,
1,11203,1648.7382492101335,700.9165357640953,32,,
1,11238,1640.269547341181,705.4170749894462,35,,
1,11279,1624.3145463032247,714.6239827031371,41,,
1,11329,1622.333923842098,721.5707079677655,50,,
1,11349,1627.845061053395,722.8696753774902,20,,
1,11387,1628.8098888604488,723.5406947478258,38,,
1,11406,1622.7480346222105,716.171088071644,19,,
1,11445,1631.2262102655948,716.4426053162483,39,,
1,11462,1607.813146158896,716.6098111073219,17,,
1,11494,1606.4938689078624,699.7207932828758,32,,
1,11524,1606.2137063448417,685.1229484073871,30,,
1,11556,1611.6846010644706,698.4443685793253,32,,
1,11592,1618.7968342303673,694.6428777162844,36,,
1,11635,1567.7044707065445,659.5235314581984,43,,
1,11668,1540.753694387066,669.0292738587833,33,,
1,11724,1561.3240673921605,685.641608580269,56,,
1,11744,1582.277489956012,670.0808131680634,20,,
1,11793,1553.2722951526446,615.5721101583409,49,,
1,11815,1548.0605389309333,594.4242936412752,22,,
1,11857,1544.4086041015928,577.6452396849229,42,,
1,11916,1513.0013456984298,553.7640249406584,59,,
1,11937,1496.160609293975,526.2769044611068,21,,
1,11977,1489.51130321804,499.5733161897416,40,,
1,11996,1452.3814572629065,488.9336416736586,19,,
1,12043,1454.6976687350957,471.7062480251436,47,,
1,12101,1422.1641608866369,484.0854678144641,58,,
1,12133,1417.5635935488817,486.8270121256054,32,,
1,12161,1415.3337769479303,490.56210773238723,28,,
1,12187,1444.7794136505072,503.2579285445897,26,,
1,12205,1455.6826873530356,501.87273383877675,18,,
1,12241,1491.4789107134882,525.5920180509196,36,,
1,12259,1522.2469925191408,546.2505347640309,18,,
1,12290,1561.954993364007,599.9488543623995,31,,
1,12323,1571.8864749508707,552.6113203833291,33,,
1,12357,1578.9853249159542,511.17882243632937,34,,
1,12392,1565.1289890695296,523.1204494142867,35,,
