trial,timestamp,x,y,duration,image_type,image_id
1,108,886.1616974054325,322.07144119237375,0,,
1,233,1029.6443553351496,375.55874918339686,125,,
1,280,1171.9726227906797,445.22591693908083,47,,
1,346,1253.407897424874,442.6056974500956,66,,
1,413,1338.4893918499295,441.370554873788,67,,
1,500,1338.0793315408825,449.891301911552,87,,
1,604,1355.9413052655332,468.5892600691084,104,,
1,659,1333.5452973727217,466.24465654170723,55,,
1,734,1335.3913542318728,472.1606029036721,75,,
1,804,1255.5436272043378,480.0702211309808,70,,
1,879,1155.576999003707,494.08883039396306,75,,
1,996,1138.2349865771207,480.3556452294649,117,,
1,1038,1195.1405447347547,472.98182815452503,42,,
1,1130,1248.0868226895163,456.39125916714835,92,,
1,1261,1305.6655094878063,455.1844253237183,131,,
1,1312,1314.3994743777282,446.5736309967473,51,,
1,1383,1319.942710982293,426.2908699897866,71,,
1,1416,1304.992208138543,414.8399262845429,33,,
1,1504,1312.8785553824175,422.41413268029504,88,,
1,1536,1319.1046661821845,429.87022534556525,32,,
1,1596,1327.4879879864795,420.52870675483416,60,,
1,1615,1376.1064542822714,441.92958361209503,19,,
1,1709,1363.6645554379809,417.8983939988442,94,,
1,1791,1270.3279238161713,410.78387915154684,82,,
1,1847,1269.4310274101497,447.79840689961367,56,,
1,1904,1297.0578425271772,461.66494354198335,57,,
1,1962,1280.9211707947356,437.691161479476,58,,
1,1978,1286.4112630086277,427.2375907145521,16,,
1,2030,1271.4782004669282,406.77417681910816,52,,
1,2089,1277.8949765977013,417.1894144542028,59,,
1,2141,1270.9946797119255,436.4215266753083,52,,
1,2206,1261.7325148672037,417.1719834785686,65,,
1,2261,1279.5196771363903,411.4192034828657,55,,
1,2303,1264.248615854094,386.74096028639303,42,,
1,2366,1270.3221072548397,372.3594235496741,63,,
1,2419,1246.8673797535907,368.4774752140838,53,,
1,2472,1239.4183044034764,354.5325373176111,53,,
1,2515,1252.8716915198095,388.03479656887777,43,,
1,2554,1211.6276417791505,384.2606287154744,39,,
1,2625,1202.6701980821176,341.39148276430024,71,,
1,2678,1212.5537815058694,324.05869949904394,53,,
1,2733,1200.7661888315195,287.7067348330442,55,,
1,2798,1197.5796298472835,298.46377062330373,65,,
1,2849,1206.1395128107404,311.5337191623909,51,,
1,2893,1216.1184943165345,335.6196762262449,44,,
1,2971,1267.6626568522381,341.06344258519744,78,,
1,3009,1319.2481401811851,373.21175493747285,38,,
1,3095,1373.4116228179346,435.32543775661264,86,,
1,3197,1422.1147242765694,477.10879752371955,102,,
1,3230,1461.9958747118912,504.0662587881758,33,,
1,3297,1545.990643236727,506.28880974127617,67,,
1,3341,1481.1521467081939,488.9301246471149,44,,
1,3392,1412.9030557733502,459.18200244232895,51,,
1,3455,1374.9980865579384,444.5225153140573,63,,
1,3508,1347.9086367506916,446.4973285665878,53,,
1,3560,1322.5359877454837,465.70970487308745,52,,
1,3592,1311.4379486485088,458.2115646609717,32,,
1,3663,1293.7361457312797,484.27512683560957,71,,
1,3709,1351.1198449548706,514.3422496246529,46,,
1,3749,1371.040458931861,528.3025562193538,40,,
1,3826,1351.0369440848801,536.3787307642781,77,,
1,3877,1335.0375236542445,539.577092295345,51,,
1,3942,1327.8454531675297,544.0681732368613,65,,
1,4029,1267.963204919925,514.4464115885573,87,,
1,4078,1160.3960364675547,509.9480400880426,49,,
1,4138,1164.5275915425148,510.2640210884027,60,,
1,4234,1176.201946223048,517.6749648869354,96,,
1,4271,1238.6071746726925,531.5315545204974,37,,
1,4322,1120.4106159434866,479.2932321000815,51,,
1,4400,1026.4181121632662,446.4957274136256,78,,
1,4471,1022.2621186010737,414.5777006175118,71,,
1,4586,1042.294058193249,438.8356697578633,115,,
1,4653,1066.1759877702605,474.2074672756609,67,,
1,4683,1104.907935939568,527.9890415050155,30,,
1,4806,1199.350654346117,561.6361537728582,123,,
1,4844,1271.7035924184054,573.4733378116822,38,,
1,4924,1278.1788988030723,587.9942216407611,80,,
1,4989,1292.900125013761,583.8366379989917,65,,
1,5081,1241.3503154999346,574.6830704969876,92,,
1,5139,1298.8606972017253,551.859320456753,58,,
1,5259,1413.5286653669684,493.9392695382612,120,,
1,5319,1375.0145138740013,478.9032032333365,60,,
1,5385,1169.4439742987588,435.1746952854155,66,,
1,5460,948.4836732181167,293.8036761823382,75,,
1,5541,559.7579908082901,70.87349285755742,81,,
1,5657,82.35229863380705,-16.63191372397096,116,,
1,5694,-179.85111878382133,-32.85567260265563,37,,
1,5758,-280.0020962048036,41.59641520278385,64,,
1,5819,-355.4365516046643,110.56217552962137,61,,
1,5881,-370.8763828818493,132.7568890393875,62,,
1,5935,-352.21364622210507,121.4437012374356,54,,
1,6033,-347.49589054676375,95.66513356867253,98,,
1,6068,-339.4212721830165,74.58666278249248,35,,
1,6144,-270.2542425341467,114.6357435819211,76,,
1,6173,-268.12600247357716,165.74333321758522,29,,
1,6267,-281.0653094861973,261.50987058752986,94,,
1,6366,-319.11333858909455,390.0759988493854,99,,
1,6405,-311.4857888506507,471.7534226362565,39,,
1,6494,-152.72148035346783,552.5658707009686,89,,
1,6611,126.59451687913281,661.4522032335198,117,,
1,6642,338.94850059148024,733.9471638849404,31,high,004
1,6694,514.5374919346859,762.7185308182377,52,high,004
1,6762,645.1819848747471,768.7087426760695,68,low,001
1,6828,686.5280932892945,771.3779113713637,66,low,001
1,6907,752.7910420082974,766.4897431749716,79,low,001
1,6950,804.6049407216235,715.7194858929048,43,low,001
1,7003,902.5136510099778,626.3209296422098,53,,
1,7053,944.7050966163704,595.1450037659564,50,,
1,7107,968.6828524766044,547.016435122372,54,,
1,7174,959.6264245127813,496.71125017419985,67,,
1,7274,923.5612962629252,458.29088653706094,100,,
1,7315,888.5291966967732,442.7596920437507,41,,
1,7378,815.1624158918064,425.70682819704325,63,high,009
1,7428,745.6573839954074,409.44711545691837,50,high,009
1,7507,708.8746650340222,429.8598807928384,79,high,009
1,7599,701.0822742056298,453.9076220304855,92,high,009
1,7637,695.5609899797087,466.8542516586759,38,high,009
1,7691,690.6209482245812,474.1374046317131,54,high,009
1,7770,712.8220396677647,476.6657415366213,79,high,009
1,7826,705.992407431724,481.5904374430287,56,high,009
1,7891,692.7355844855355,468.3883089977728,65,high,009
1,7965,655.3824381812923,450.5427562882951,74,high,009
1,8036,614.6429981984024,453.68246682964536,71,high,009
1,8121,559.7353693332302,463.9860860302123,85,,
1,8149,565.9115891425221,473.7796886469382,28,,
1,8199,554.1274230537857,478.4247054979231,50,low,019
1,8224,548.9437784648491,477.7445156409492,25,low,019
1,8265,538.0995637131439,486.0958350367811,41,low,019
1,8303,530.954066683172,493.0106267735273,38,low,019
1,8345,527.4647870624965,502.2549828191522,42,,
1,8374,537.7420384542061,513.9311291174291,29,high,004
1,8420,543.8949769496631,530.7146876754254,46,high,004
1,8449,549.8684881933677,535.7481439014972,29,high,004
1,8490,554.6876039940142,537.4043086445737,41,high,004
1,8536,553.3717605361206,550.88071793914,46,high,004
1,8586,550.6327553642839,563.4991054460932,50,high,004
1,8607,548.2445491906956,570.5502870009054,21,high,004
1,8649,573.913351990731,583.2449788270928,42,low,001
1,8670,569.5244059882641,592.377110839756,21,low,001
1,8711,564.764801422173,595.2575458673068,41,,
1,8729,657.9487089106788,621.0803157229279,18,low,001
1,8773,729.2780742120392,655.7724719761231,44,low,001
1,8792,768.9408327453802,674.6666996875878,19,low,001
1,8828,819.4556636626837,698.5664026098144,36,low,001
1,8878,853.7873465108737,711.9844081228479,50,low,001
1,8899,906.3929118183055,722.8827508245187,21,,
1,8940,923.1488780845941,715.7218088661081,41,,
1,8965,933.1272483569215,721.0355282632935,25,,
1,9007,991.2810802916846,710.6339243994476,42,,
1,9028,1036.3032033442732,685.9345275245379,21,,
1,9061,1081.6874105770103,651.0092623111466,33,,
1,9094,1134.4935153238039,636.4652318358429,33,,
1,9136,1146.310065519517,607.6905630191844,42,,
1,9161,1164.6119988491641,578.5296599271286,25,,
1,9211,1200.6566404519526,561.747830064622,50,,
1,9235,1204.946818448946,545.894753548904,24,,
1,9278,1197.0937972028728,532.4900530001983,43,,
1,9298,1203.4768502391112,535.3592578512242,20,,
1,9340,1206.870713558545,540.5554060092982,42,,
1,9361,1211.143211310411,535.9457368435466,21,,
1,9407,1195.773524238839,556.7581306087598,46,,
1,9445,1167.5996913454026,572.9480785842089,38,,
1,9490,1175.6555300435446,578.1838761537973,45,,
1,9536,1152.8820246285245,600.4735703688575,46,,
1,9565,1133.4264164370697,606.0199053089932,29,,
1,9626,1145.2754102291294,605.8626452876906,61,,
1,9648,1114.2052104762397,612.866456341398,22,,
1,9684,1110.5412460821522,598.0241465731884,36,,
1,9717,1085.6869378449728,606.4265117929186,33,,
1,9748,1084.6808226892633,606.9019886480191,31,,
1,9780,1066.6049576906196,619.0981558015536,32,,
1,9812,1037.0493762745034,610.1417062646333,32,,
1,9855,1035.3577953864835,608.6797777382786,43,,
1,9907,974.2222324607733,622.698327594871,52,,
1,9927,924.6800996789274,640.244587485002,20,,
1,9972,924.3325607192693,644.8681912798556,45,,
1,9995,854.5849212857299,646.375547961108,23,low,001
1,10038,797.4409799442471,647.0771728000898,43,low,001
1,10064,806.3059184154869,656.5782918392998,26,low,001
1,10100,833.3220480679521,652.4262386683406,36,low,001
1,10140,843.1549858200418,660.1308535675088,40,low,001
1,10176,842.9909433547487,682.5164200186325,36,low,001
