trial,timestamp,x,y,duration,image_type,image_id
1,81,523.4982566043969,582.7429506194378,0,,
1,143,812.9452019724466,515.6110192204756,62,high,017
1,201,870.13521355839,512.6957793778585,58,high,017
1,293,885.3302596907628,489.5360869048912,92,high,017
1,324,884.5372975425362,480.43857385819916,31,high,017
1,380,984.4135837783731,439.5878794559947,56,low,003
1,427,995.179861350542,439.0672593845632,47,low,003
1,457,988.5449839072231,440.4658633841443,30,low,003
1,517,1008.567115545498,465.08386116216525,60,low,003
1,557,972.4767974574636,525.5343324313245,40,low,003
1,588,1009.4449544006247,516.1723312844518,31,low,003
1,622,1012.5784712006437,537.4097970110299,34,low,003
1,673,910.9580375286586,549.6038944378969,51,,
1,730,798.3445228005436,554.8542160292521,57,,
1,779,824.4391800280373,546.1731241944929,49,high,017
1,828,781.6885035762923,522.2302899264365,49,high,017
1,895,603.6954790913203,471.12245298396556,67,high,017
1,961,434.9025145865822,476.91410406293545,66,,
1,1012,201.88444033434615,469.6544911002383,51,,
1,1075,117.96509085055224,450.75829165713446,63,,
1,1133,267.7724005402072,428.3350662586002,58,,
1,1181,243.72577789970285,447.51856235414044,48,,
1,1217,-87.98674110145089,569.6324489277991,36,,
1,1277,-249.07175871580287,633.5062322419178,60,,
1,1295,-464.33924950385114,703.6751925327322,18,,
1,1330,-546.1711935460627,713.3383764734073,35,,
1,1391,-646.0799288933788,736.9063401515031,61,,
1,1465,-750.3928705561804,863.7605224423198,74,,
1,1492,-775.8632121978367,887.0573376370495,27,,
1,1542,-819.5704675261713,992.9129229837515,50,,
1,1606,-794.6368552334833,1056.758279177977,64,,
1,1654,-800.3937501859411,1140.8675659616122,48,,
1,1687,-771.5401685538139,1165.6534106870079,33,,
1,1730,-639.0015465613077,1198.7682639324858,43,,
1,1779,-489.37498707003675,1047.2594489667333,49,,
1,1835,-200.1241363145381,762.1771018971954,56,,
1,1877,12.84955741474543,596.5440353506943,42,,
1,1906,51.54050461198019,522.0055396247288,29,,
1,1971,165.73991743853105,314.7914629429752,65,,
1,2023,251.6848178551128,270.1944085618738,52,,
1,2056,103.56412903570524,372.3553246843662,33,,
1,2119,30.61092334207034,386.7874220567202,63,,
1,2174,-101.23357899158047,400.7532037204544,55,,
1,2247,-106.2656477862981,433.8464950423644,73,,
1,2303,-133.19380423819723,458.69107910647796,56,,
1,2367,-432.22067780900625,616.0444454801061,64,,
1,2422,-485.08492679121235,638.7043123246384,55,,
1,2475,-383.92182037733903,563.980171475497,53,,
1,2520,-56.36666313823798,435.7306431315068,45,,
1,2556,-34.055285915047804,486.80886042779923,36,,
1,2611,-2.862707491568976,454.482911140842,55,,
1,2671,-10.451459039998042,517.7416257163401,60,,
1,2769,-51.94163992521686,547.9722664285383,98,,
1,2865,-139.9637173217514,566.4901902138901,96,,
1,2915,-483.78323860667706,620.3195020826374,50,,
1,2983,7.168557169786936,581.4769911943429,68,,
1,3071,442.9581213734616,485.8048962638595,88,,
1,3106,674.4848118868077,377.39044574745554,35,high,017
1,3158,678.2994520648225,333.0296583481549,52,high,017
1,3218,672.3199437247721,308.98245873662046,60,high,017
1,3268,556.8821679822832,372.07490466801744,50,,
1,3319,321.50624998597607,457.8335514060373,51,,
1,3354,64.04260432777129,513.9952238542543,35,,
1,3423,-255.0451934525066,678.74260905232,69,,
1,3469,-420.2799897218099,762.9803568180264,46,,
1,3509,-691.0496395929067,981.4634185250583,40,,
1,3587,-766.2641924863352,983.7583744643962,78,,
1,3604,-809.3507976541072,950.857334540673,17,,
1,3636,-801.5517709728255,913.8776947613534,32,,
1,3717,-814.6470305861114,993.0823504361276,81,,
1,3745,-854.2020189211854,1050.5366468142245,28,,
1,3799,-821.3206215740518,1094.7000898454385,54,,
1,3844,-798.3284009962654,1129.923603267804,45,,
1,3889,-806.9477408062004,1136.0190495206207,45,,
1,3957,-847.3823753622449,1125.816296063515,68,,
1,3988,-580.9242525510983,1151.026677576,31,,
1,4025,-602.5603538080945,1154.7691469918211,37,,
1,4074,-627.7821779295998,1149.4043547194433,49,,
1,4132,-552.5903287971419,1153.6505932156094,58,,
1,4181,-559.296895308212,1143.7447602201858,49,,
1,4238,-619.9093374090598,1088.0522829017789,57,,
1,4290,-437.3010869756551,1108.4204709360038,52,,
1,4349,-274.06786474998336,1102.076667887499,59,,
1,4390,-159.74667548014875,1123.7929242475957,41,,
1,4447,-151.12967515946525,1104.825877023463,57,,
1,4515,-516.2306205759274,1047.8897144305352,68,,
1,4563,-716.5149177446953,874.1289363396179,48,,
1,4646,-773.789432405955,729.8709412945182,83,,
1,4679,-461.47540825510816,476.44302666771637,33,,
1,4739,-77.9118907317532,305.274677584373,60,,
1,4763,219.90023473691747,214.7372649633452,24,,
1,4812,429.0914252613559,165.9100878049456,49,,
1,4897,534.3348786686854,177.06391663364462,85,,
1,4943,222.06063923375456,362.6078450430228,46,,
1,4977,-36.76974900304029,502.91546196050376,34,,
1,5038,-362.4908183109649,638.7871664570174,61,,
1,5063,-529.0396953402264,826.7288751414515,25,,
1,5113,-462.05127100767197,957.169199112021,50,,
1,5179,-193.3091550721748,1063.4699121740462,66,,
1,5228,163.3255264745735,1093.5006590215298,49,,
1,5286,226.46173082840855,1093.1606816030262,58,,
1,5337,-48.369011924588634,1115.4713594448767,51,,
1,5394,-231.20531229024814,1097.3211972657903,57,,
1,5441,-440.0024622414901,1021.1486950904252,47,,
1,5491,-434.93515720306175,833.3577723539784,50,,
1,5555,-468.6385060972639,714.5591247643781,64,,
1,5606,-478.10995507682503,641.0086262536107,51,,
1,5664,-406.3223362497212,580.1484866386016,58,,
1,5716,-393.217879990102,573.752914704205,52,,
1,5766,-495.99482019547065,659.0514502628672,50,,
1,5799,-508.73501013231885,653.9027902290843,33,,
1,5859,-489.76199173180834,666.8643460226173,60,,
1,5884,-456.5110013344356,659.5213147210271,25,,
1,5934,-513.7183588738716,775.1343925104082,50,,
1,6019,-524.2707699191966,871.8664250725652,85,,
1,6075,-478.52296074416654,958.7165703986025,56,,
1,6119,-293.94700915392843,1037.167557820146,44,,
1,6154,3.8918096863549607,1027.3833838007781,35,,
1,6209,139.03626723462597,997.386435716839,55,,
1,6283,215.77079931530994,968.205185282358,74,,
1,6331,-59.99558533048567,901.9006718821561,48,,
1,6388,-229.31519563439633,875.5712288439348,57,,
1,6441,-276.9180692558951,839.216724350988,53,,
1,6496,-269.2884405516728,818.888671198372,55,,
1,6549,-83.51244108919556,828.7858934947359,53,,
1,6584,105.36883473563203,812.927978030574,35,,
1,6652,240.13476520369187,803.8388880938334,68,,
1,6707,473.5312245675791,852.4132235287652,55,,
1,6775,702.3649477747946,860.2860459578447,68,low,012
1,6833,868.2031999608423,954.4348014103664,58,,
1,6891,1070.3996658354674,977.5752214736411,58,,
1,6985,1136.6092309576507,990.1789965940638,94,,
1,7023,1202.4384831000552,998.6842133934425,38,,
1,7093,1111.5589448075368,949.4267616833529,70,,
1,7121,855.5664010040591,857.1548695517456,28,low,012
1,7213,508.8727553116272,755.5765576697925,92,,
1,7256,292.7897521946881,671.6584170624717,43,,
1,7323,89.84446013588672,606.238951082653,67,,
1,7357,304.4472776213239,662.7743413398149,34,,
1,7431,602.0814869172659,759.3620974662037,74,low,012
1,7517,831.8949880897657,825.7910129803652,86,low,012
1,7602,1016.5727019934815,910.6118692401429,85,,
1,7630,1031.9889517911856,971.1974099965148,28,,
1,7689,1035.559550930761,992.1493638417447,59,,
1,7741,1026.6699093368793,1027.9498392695937,52,,
1,7829,985.6785532073366,1065.3278303129746,88,,
1,7876,904.6773331992579,1077.5802355230076,47,,
1,7944,816.3958623417666,1069.9820832705666,68,,
1,8003,725.5356119105464,1066.4406257099402,59,,
1,8080,671.3714052053504,1067.7677709372979,77,,
1,8146,642.5934823343449,1075.9867494275777,66,,
1,8163,700.5847047665333,1089.5042281159713,17,,
1,8209,755.4036057438998,1078.9665661906968,46,,
1,8245,769.595146715657,1077.0344182989636,36,,
1,8262,786.1470384368652,1067.2395745727652,17,,
1,8295,758.696778296537,1069.6834191979806,33,,
1,8332,749.6358772049107,1065.194830306445,37,,
1,8377,735.569718990842,1066.2912392108801,45,,
1,8394,674.7531892286075,1048.4033743981595,17,,
1,8426,612.3713714487712,1059.6339592707309,32,,
1,8456,555.9231756036253,1019.495654347046,30,,
1,8487,520.8213037916266,1030.7223468647583,31,,
1,8516,512.6085431722537,1031.0577786281322,29,,
1,8545,624.7886359127727,1030.4700958363899,29,,
1,8578,697.4086776369702,1036.8778211524996,33,,
1,8614,780.9490215959917,1048.1400377256798,36,,
1,8656,755.498761585958,1053.4265315181035,42,,
1,8696,768.298020873049,1045.5662273637088,40,,
1,8728,815.162446924238,1050.0041375460908,32,,
1,8773,878.9470330410102,1047.2524361648461,45,,
1,8792,915.4487071979739,1052.4442908780147,19,,
1,8822,983.9929152791843,1037.2247058482083,30,,
1,8855,925.6850140091493,1033.0947860954725,33,,
1,8891,978.1624253790148,1008.826469746265,36,,
1,8925,973.7751628413633,1025.0615001016074,34,,
1,8958,989.5815291479619,1013.2899390285662,33,,
1,8991,1000.5302111005415,1004.8263501100971,33,,
1,9022,1010.2980190692037,990.9633087936563,31,,
1,9053,1017.3711363563725,999.0277061531333,31,,
1,9085,1020.7230451818929,987.1582785110979,32,,
1,9114,1055.1003765781693,1009.6699101282535,29,,
1,9148,1060.0444330161565,1012.8657285926856,34,,
1,9196,1065.0021052512889,1014.0960454902355,48,,
1,9245,1078.5449200823284,1017.2528939658667,49,,
1,9263,1075.998388456645,1032.4930577896685,18,,
1,9306,1071.2880131727443,1032.3031999737095,43,,
1,9323,1128.6078124010573,1051.2017078096806,17,,
1,9357,996.3030021495892,1044.2385431774433,34,,
1,9388,909.7901561962487,1008.7288348333345,31,,
1,9418,779.3913921503242,961.4531859881228,30,,
1,9449,621.9403267547216,873.6827659498223,31,low,012
1,9484,455.163466253864,817.6734832935712,35,,
1,9516,328.5870948592206,764.0769471574416,32,,
1,9553,192.02962226905447,734.5791882449732,37,,
1,9590,117.8082583775015,705.3472839072831,37,,
1,9643,75.03494336649656,687.313355200982,53,,
1,9661,27.6140185160694,681.132109317002,18,,
1,9698,8.226111656276537,664.9270894807207,37,,
1,9714,58.9748112887028,641.9176561269647,16,,
1,9754,185.16015109686978,608.2624371402214,40,,
1,9789,212.52947155606392,594.3349639050593,35,,
1,9830,285.89740239909185,575.6237884327109,41,,
1,9849,384.70573642984255,522.2958177578853,19,,
1,9881,438.48128678446017,511.9590841999996,32,,
1,9912,504.6268578734767,504.3996798778266,31,,
1,9943,528.5289525894503,498.3894223595574,31,,
1,9975,551.0717357490801,483.9822133437265,32,,
1,10005,559.162147174522,501.68396004045303,30,,
1,10038,550.8458514238359,503.1438548235743,33,,
1,10070,558.4588461614558,512.6854395585974,32,,
1,10100,568.8918440701567,529.1075491823256,30,,
1,10130,581.3813939856573,532.9694791245264,30,,
1,10165,584.2105746481271,536.7334143038792,35,,
1,10196,576.0050747883665,536.3499287209423,31,,
1,10230,599.7216956900888,524.7351448950295,34,high,017
1,10262,595.4544887225378,530.5028840818738,32,high,017
1,10301,626.8429574236021,513.0013854126962,39,high,017
1,10334,653.2252654164488,503.3093765322908,33,high,017
1,10370,661.1134383447489,502.87560311693466,36,high,017
1,10404,642.0610728803136,495.2237285784779,34,high,017
1,10450,651.264727264221,485.8065417500225,46,high,017
1,10489,699.4414629489621,468.9243645525109,39,high,017
1,10506,734.6797907183438,451.00781003497,17,high,017
1,10537,748.8338736940063,427.9542116629155,31,high,017
1,10568,758.8540770475017,409.3508344709762,31,high,017
1,10605,811.4890692529848,379.85184227545335,37,high,017
1,10641,910.6821210558687,339.6485926244944,36,high,017
1,10679,995.7070923349606,306.60447724422164,38,low,003
1,10720,1029.6893178714715,288.45138715235345,41,low,003
1,10738,1053.957511008128,274.03998478805454,18,low,003
1,10769,1052.2948646219807,251.5097384181509,31,low,003
