trial,timestamp,x,y,duration,image_type,image_id
1,141,257.97711090525064,566.4811220995975,0,,
1,237,313.1232465466556,442.6946390771787,96,high,011
1,337,342.82422902090195,388.64561414450935,100,high,011
1,433,382.63273286285545,345.3348993054844,96,high,011
1,555,392.2357961055313,345.5796951616862,122,high,011
1,700,399.37634046432305,358.6119635481036,145,high,011
1,767,370.40646076154843,355.21670856195516,67,high,011
1,804,342.82323933912596,359.3677333280656,37,high,011
1,970,345.1101875171828,345.3065880152052,166,high,011
1,1066,327.2504347830641,418.0437156501412,96,high,011
1,1154,337.1783794865307,445.9892005975717,88,high,011
1,1254,346.9394528326444,395.02264820133496,100,high,011
1,1316,362.93746062043493,372.2149888108345,62,high,011
1,1358,371.81027490151666,390.1522410553258,42,high,011
1,1457,380.5486372566353,403.127120509111,99,high,011
1,1509,384.89248971709907,391.19382699750224,52,high,011
1,1643,381.14907031344626,382.5165772507362,134,high,011
1,1682,391.3704333673794,357.9121988843301,39,high,011
1,1728,406.03205636503765,349.1791405821933,46,high,011
1,1797,432.92386095870717,348.4468767605389,69,high,011
1,1887,455.2089142117222,333.00662484347896,90,high,011
1,1942,462.4937293283529,406.1975914015064,55,high,011
1,1994,480.50676119837783,450.1582783078683,52,high,011
1,2060,443.90528033190117,448.71559580770185,66,high,011
1,2133,430.10886142530944,373.60540093918553,73,high,011
1,2225,419.6312967119476,316.4924352529116,92,high,011
1,2262,396.2740184996134,281.8599562068732,37,high,011
1,2324,382.5792270672709,259.344941311428,62,high,011
1,2386,380.7790535022273,260.0603865685146,62,high,011
1,2448,392.5073960789643,296.4367008282889,62,high,011
1,2510,404.07825050883076,323.20702850579625,62,high,011
1,2537,398.6954805120256,330.06110241610736,27,high,011
1,2636,403.8654757925404,339.41325521401444,99,high,011
1,2683,436.57284832162713,410.69177581721,47,high,011
1,2732,438.97647838511404,444.06408796042115,49,high,011
1,2824,451.5503946407222,468.7372337071188,92,high,011
1,2897,461.264337032663,442.7847286454507,73,high,011
1,2970,489.15687877931833,441.1614151871071,73,high,011
1,3006,466.64398943856713,406.5621754377579,36,high,011
1,3085,475.8463157641025,397.49215864678916,79,high,011
1,3177,442.1755986512792,368.359600022157,92,high,011
1,3215,453.68769233958284,360.4528273306451,38,high,011
1,3267,460.27083359216596,391.76011311941437,52,high,011
1,3323,476.4067623306857,380.3275022443002,56,high,011
1,3420,493.6470146551926,383.50458861749456,97,high,011
1,3490,469.63884725155157,383.85304425101424,70,high,011
1,3546,478.92829105989273,378.585550326214,56,high,011
1,3618,484.78521787512227,384.96835105725404,72,high,011
1,3684,505.36450740429626,402.7334503775454,66,high,011
1,3739,457.0654225303754,383.0989136791699,55,high,011
1,3785,407.6867569881531,351.09748484721655,46,high,011
1,3814,404.920304075681,331.82854884702505,29,high,011
1,3878,397.63579612942345,349.4275251841852,64,high,011
1,3932,422.6752665874557,354.8016201234221,54,high,011
1,4021,451.9588527589408,422.12930368250875,89,high,011
1,4126,439.5328422304585,441.17517115017273,105,high,011
1,4154,446.27089348073594,398.81133113831777,28,high,011
1,4220,485.50546644074194,363.15138891021996,66,high,011
1,4261,463.3889356882788,340.2880550244529,41,high,011
1,4314,462.4286053510946,333.18161775510714,53,high,011
1,4386,444.9192737256373,324.81081356494315,72,high,011
1,4490,495.9785440929441,386.79443070006784,104,high,011
1,4524,481.8923508047535,377.77485185889395,34,high,011
1,4588,464.1804388647209,351.7092221297365,64,high,011
1,4628,471.85690077981366,333.5764736664721,40,high,011
1,4690,483.3243450242533,333.61671892983634,62,high,011
1,4783,496.6582313578097,351.74419456376154,93,high,011
1,4818,475.9513319155882,375.88388589540676,35,high,011
1,4901,503.6642163856583,405.7509044176193,83,high,011
1,4936,546.7732121289373,367.7642210446131,35,high,011
1,4992,545.3433295942523,367.52281499229053,56,high,011
1,5061,544.1445461289537,393.98854539059244,69,high,011
1,5159,536.9612668563676,399.8060896951497,98,high,011
1,5196,530.5558484963734,367.25348283032184,37,high,011
1,5251,519.8757830276866,333.89507950576893,55,high,011
1,5308,519.7191594965126,345.9695132113543,57,high,011
1,5354,551.9038573649191,349.1774510571452,46,high,011
1,5414,535.1107639093736,318.7065777803349,60,high,011
1,5486,502.96818277476996,324.92128432607876,72,high,011
1,5538,473.70849080887825,309.636119325877,52,high,011
1,5600,448.7639379676032,307.53714777011095,62,high,011
1,5653,400.9140779781642,280.74534024390863,53,high,011
1,5697,384.81179403534367,283.34645846953896,44,high,011
1,5760,378.79986353048025,297.8668971762367,63,high,011
1,5803,411.5987221582785,363.32852602202286,43,high,011
1,5829,408.23394178268325,373.24543750845794,26,high,011
1,5951,433.5200268112966,347.28310347701847,122,high,011
1,6002,433.021610227466,366.3902392830703,51,high,011
1,6065,445.1951464902759,345.2666086973894,63,high,011
1,6092,409.23555649945473,304.17158012557616,27,high,011
1,6148,426.96725372002635,332.106141268832,56,high,011
1,6233,419.4518806340932,300.81921265143524,85,high,011
1,6295,436.65935713209774,270.1197214382701,62,high,011
1,6320,492.2263148617192,231.7975527829111,25,high,011
1,6388,507.7550706005046,177.25938933954185,68,,
1,6510,499.1083838533502,232.7195531169665,122,high,011
1,6541,504.07789337780116,195.7488728484927,31,high,011
1,6608,476.55166857390594,198.84541235863279,67,high,011
1,6663,469.3750400531274,173.08471520391112,55,,
1,6736,516.8480813564556,219.03801310521249,73,high,011
1,6785,548.782726957224,271.7144883787658,49,high,011
1,6870,571.0729593295532,288.2009885210069,85,low,020
1,6937,577.0536762302467,303.50693386646805,67,low,020
1,7049,575.0589226803011,306.1830022666891,112,low,020
1,7257,533.8051321009356,294.7015001149748,208,high,011
1,7349,466.3523828649893,311.9490763797014,92,high,011
1,7420,474.7334400372825,307.86396728522556,71,high,011
1,7481,438.4960454158156,339.67074842760064,61,high,011
1,7578,471.5290680576889,368.587906340775,97,high,011
1,7645,484.39674454466154,414.5358848565115,67,high,011
1,7732,503.52743069817785,435.7582143025133,87,high,011
1,7830,478.555218171701,425.1670155203366,98,high,011
1,7932,463.9032076788687,410.71049462055123,102,high,011
1,8026,430.7819653769559,371.2912299460815,94,high,011
1,8078,404.9375871534793,333.6248936302134,52,high,011
1,8161,427.5723912375613,350.55993995852185,83,high,011
1,8186,427.06344090898637,362.38564530650365,25,high,011
1,8257,428.53297347978446,346.85464394000985,71,high,011
1,8302,420.9119401445706,352.8357120057741,45,high,011
1,8365,448.41760358197223,337.04887608064405,63,high,011
1,8402,478.6593774161012,325.11523777728536,37,high,011
1,8453,504.1702392475061,315.38881624523054,51,high,011
1,8482,513.9230778879042,338.2994094241875,29,high,011
1,8523,482.9935934002864,324.38768208094194,41,high,011
1,8573,465.6264748082377,353.5438198207198,50,high,011
1,8645,457.3257537476403,369.0098521214327,72,high,011
1,8683,456.29278393865184,355.5389490757532,38,high,011
1,8732,469.42970104249804,380.3116849553563,49,high,011
1,8786,444.09456864807333,359.89103549887466,54,high,011
1,8815,447.579441501923,344.36090595232486,29,high,011
1,8870,448.5267595061142,342.83567909629846,55,high,011
1,8936,463.43346352838375,368.93570834692053,66,high,011
1,8970,438.0722096673378,342.87921715247097,34,high,011
1,9041,463.0002531998778,366.50074859161447,71,high,011
1,9073,473.8042006007844,392.2699038510255,32,high,011
1,9140,494.11256472193946,377.5593430278856,67,high,011
1,9177,474.7029168199087,379.59779549873645,37,high,011
1,9244,441.1219672260606,338.6397194921827,67,high,011
1,9303,443.5469626183544,337.82701003978275,59,high,011
1,9353,454.927692685692,320.5783440141281,50,high,011
1,9382,479.83638846161193,316.7841831141236,29,high,011
1,9431,480.1477819006894,307.38488645933785,49,high,011
1,9490,499.9459629114767,296.5919703924183,59,high,011
1,9519,492.64986661929504,303.7887392774373,29,high,011
1,9561,509.6675389486566,294.9524058900756,42,high,011
1,9611,495.4840192340781,293.7130439927508,50,high,011
1,9638,464.492837810581,289.05777139953744,27,high,011
1,9678,458.80592624633357,295.82594887425114,40,high,011
1,9713,466.5595657624432,264.67099451343984,35,high,011
1,9757,460.9274563008426,253.16917667451924,44,high,011
1,9797,458.3905066241216,261.4693308090317,40,high,011
1,9821,478.9709086184756,261.5498499276582,24,high,011
1,9874,497.4877355269361,264.57717287071006,53,high,011
1,9909,513.0809178432514,267.6612216484275,35,high,011
1,9960,521.4482924212974,271.9735509972667,51,high,011
1,10013,519.0263029849885,273.5557716532902,53,high,011
1,10029,512.6218013333195,261.9722327996832,16,high,011
1,10080,473.13926609313535,252.7559683180215,51,high,011
1,10101,489.2185977544211,259.8651654998554,21,high,011
1,10142,490.43611184627866,264.214227598407,41,high,011
1,10179,475.2888118188174,258.4460542825544,37,high,011
1,10214,482.3211283117168,271.97550549111344,35,high,011
1,10249,486.47646038157103,277.9111600820732,35,high,011
1,10281,493.78401761536566,286.2937605698876,32,high,011
1,10316,509.4420045851141,291.6930764001096,35,high,011
1,10362,500.9256649349886,314.5910571496821,46,high,011
1,10379,515.0566212106628,315.1491221962466,17,high,011
1,10410,532.1482145346861,320.98042632168006,31,high,011
1,10452,542.1186851079709,329.5531894453962,42,high,011
1,10493,543.185260352111,336.2566415041919,41,high,011
1,10518,544.9808353500832,374.0301579129747,25,high,011
1,10557,550.0985111719082,362.56000471744073,39,high,011
1,10576,543.9668794896442,366.0073925579639,19,high,011
1,10612,537.1658340284305,357.6471908226601,36,high,011
1,10668,563.4825788639358,348.99964876391414,56,,
1,10685,585.1432840264364,342.19588659633473,17,low,020
1,10722,599.2880900903237,330.9000916699348,37,low,020
1,10738,606.2451835414433,319.34541574334634,16,low,020
1,10770,621.3808696419111,313.0146605475948,32,low,020
1,10801,623.085751244035,304.5018407190997,31,low,020
1,10839,610.3827673039108,294.9853981147203,38,low,020
1,10875,609.6434691612135,289.41991860231764,36,low,020
1,10910,608.4380300695113,285.21516306566656,35,low,020
1,10961,571.3414290443769,287.41617128350117,51,low,020
1,10978,552.5085898114996,283.274126895408,17,high,011
1,11017,548.3171133737701,284.8767434966001,39,high,011
1,11033,540.0944596313781,282.9951264240881,16,high,011
1,11065,522.6709377714953,285.1275151480726,32,high,011
1,11120,513.7076528107929,291.4392363178944,55,high,011
1,11162,498.0050175819686,275.57123349167836,42,high,011
1,11186,505.3916242909672,274.20848723568014,24,high,011
1,11230,495.6403493514772,268.4195083215628,44,high,011
1,11273,519.2046107654922,260.6712483699297,43,high,011
1,11326,529.5327737808248,251.3079927702007,53,high,011
1,11348,532.0203034945077,285.1414231935311,22,high,011
1,11389,512.7114729011165,281.4566360484555,41,high,011
1,11412,510.42110898623986,248.10438259225796,23,high,011
1,11453,496.4916271036046,221.5440852864404,41,high,011
1,11473,539.9222990391274,243.72789899812355,20,high,011
1,11513,554.5693823435786,256.68034474892715,40,high,011
1,11530,566.7079006007165,268.07859142511853,17,,
1,11564,543.7975158063076,237.3100639218413,34,high,011
1,11600,524.2045692963367,214.19554310977705,36,high,011
1,11632,529.9016206474016,201.78764602295126,32,high,011
1,11667,546.7214908337434,220.5296916699392,35,high,011
1,11699,569.4674702241081,216.9032852657947,32,low,020
1,11731,551.4149030444753,234.6445019610833,32,high,011
1,11767,552.506784418871,221.60627406156897,36,high,011
1,11801,574.7147420904834,243.54683617187686,34,low,020
1,11833,568.0328579942196,234.19153719402874,32,low,020
1,11875,586.694246578193,255.4015415643741,42,low,020
1,11920,579.98068856445,265.61024709206725,45,low,020
1,11946,573.6774810485942,273.95517655636826,26,low,020
1,11984,554.5789918670317,279.54648693510086,38,high,011
1,12017,535.7622351763004,278.01366216558085,33,high,011
1,12053,519.8980822307178,276.1680781514397,36,high,011
1,12084,523.8547260859953,284.63379695865615,31,high,011
1,12124,494.8741337657983,271.33988878048535,40,high,011
1,12171,490.6004004628627,277.93033284780597,47,high,011
1,12216,498.5881708443551,286.2721342945663,45,high,011
1,12236,492.33438031390807,291.82464633989247,20,high,011
1,12283,451.9904219935921,279.19608212856,47,high,011
1,12302,459.1115593576268,289.2813223353228,19,high,011
1,12339,479.4324706431103,294.34385933022014,37,high,011
1,12359,470.89228350451225,299.69346650252436,20,high,011
1,12396,459.58734314329524,303.4090687379487,37,high,011
