trial,timestamp,x,y,duration,image_type,image_id
1,144,759.9507370016138,415.92932592049846,0,,
1,246,808.2142259291452,415.1520525490291,102,low,009
1,401,858.8308856121799,451.14976101270474,155,low,009
1,474,860.3867726908288,461.6869788262696,73,low,009
1,545,829.6422499433032,434.7774635981163,71,low,009
1,583,858.6715153681985,474.67077488509045,38,low,009
1,637,832.2850715607267,490.68235559821284,54,low,009
1,678,817.4207560137294,468.48120650130284,41,low,009
1,741,823.6222755207729,454.9529929784508,63,low,009
1,795,828.9087928878401,450.7261808651807,54,low,009
1,828,801.9287091815797,442.5210874232285,33,low,009
1,891,797.5077615365849,429.1814605526997,63,low,009
1,954,786.1186508871999,424.49076439510463,63,low,009
1,1024,804.0608110584417,425.2247572969154,70,low,009
1,1079,809.5002047051751,424.0141007896929,55,low,009
1,1154,817.3030495776853,427.56573160551284,75,low,009
1,1229,842.800787897557,425.99643228095294,75,low,009
1,1270,856.0930437600146,415.6681648811738,41,low,009
1,1316,800.6411352916288,398.36804374905023,46,low,009
1,1412,746.671141957014,398.1142740577089,96,low,009
1,1445,678.6519368493066,382.55775601795364,33,low,009
1,1518,614.80102086446,342.8270525433202,73,low,009
1,1578,585.9646698791496,328.2593869983293,60,low,009
1,1687,521.2800343268342,365.7508259171774,109,high,008
1,1734,383.45292572964763,299.58285609331386,47,high,008
1,1819,245.1138098919509,304.5081987297712,85,high,008
1,1856,250.82746974974887,536.9148672391292,37,low,012
1,1903,272.928898753348,771.0676419869789,47,low,012
1,1963,280.23496616359273,766.8867376634473,60,low,012
1,2007,282.8268134451063,732.4814052819265,44,low,012
1,2082,296.37393977822967,726.6288105030332,75,low,012
1,2119,281.4981279480396,735.6823177764124,37,low,012
1,2157,282.48865862157606,725.0229369837285,38,low,012
1,2204,336.1312232154578,708.1722626981873,47,low,012
1,2261,381.45758735129783,706.1659044470691,57,low,012
1,2315,423.2700942188797,718.754796785793,54,low,012
1,2387,470.98839356885566,729.996934054181,72,low,012
1,2411,523.5175926565865,759.0793556878103,24,low,012
1,2461,570.4218109260887,795.23541124553,50,high,019
1,2512,566.3457254828851,813.474554565147,51,,
1,2569,602.5128250134743,850.0608047194426,57,,
1,2627,620.3183166543188,853.6410251782486,58,,
1,2679,618.0482439133654,854.120212346922,52,,
1,2705,617.0023825487921,850.4602412284922,26,,
1,2783,589.4758635560091,837.3801737028226,78,,
1,2833,567.96655943177,835.8553768613436,50,,
1,2898,645.2206765433817,780.3030951756899,65,high,019
1,2934,716.1695579906207,763.5101457302902,36,high,019
1,2986,671.4889072582578,749.2161429902964,52,high,019
1,3050,699.4250914942362,735.5236139633898,64,high,019
1,3111,769.1324059464818,739.3933373330981,61,high,019
1,3172,794.3429278641872,738.4994982269825,61,high,019
1,3240,822.6701526953377,705.502755943046,68,high,019
1,3299,841.4955347092306,694.8371961525696,59,high,019
1,3365,812.4618763054747,692.1586120534996,66,high,019
1,3424,791.7276840225775,695.9207753787962,59,high,019
1,3520,784.0296799067727,688.4414565443435,96,high,019
1,3551,805.4882502227889,691.547900481116,31,high,019
1,3615,794.6425753419136,689.8185566329647,64,high,019
1,3670,802.6894609104403,691.3264555122762,55,high,019
1,3708,770.2060784868447,705.742666742269,38,high,019
1,3762,755.8806167053473,716.8799425238989,54,high,019
1,3824,735.4483772079548,710.7045722059411,62,high,019
1,3903,716.3687259908257,701.1976555945383,79,high,019
1,3966,744.9570334027089,709.4785825930126,63,high,019
1,4057,738.205617588591,682.418465560673,91,high,019
1,4099,729.8834445938337,687.2722857400555,42,high,019
1,4232,687.5693193257425,745.0093610467209,133,high,019
1,4274,642.8170893558927,749.2515621796554,42,high,019
1,4332,621.2577440420432,800.3636475536453,58,high,019
1,4436,553.3370439771465,839.7405489541823,104,,
1,4499,277.0175023609115,709.6270428726224,63,low,012
1,4557,161.52172897690673,676.5416117433209,58,,
1,4611,43.09478304893325,622.0099285184843,54,,
1,4645,3.16614797297437,565.0603830184003,34,,
1,4753,32.631061732275846,531.11200937736,108,,
1,4799,51.77105019112423,428.63337128626387,46,,
1,4845,90.74131809756517,296.71652270377086,46,,
1,4920,155.78925471963825,237.27028498886065,75,,
1,4978,177.4255611441892,139.8994234152425,58,,
1,5078,253.5726228526353,72.56016314911206,100,,
1,5132,283.4450340898975,39.81261567910373,54,,
1,5195,335.07007441993704,67.96043708160765,63,,
1,5286,316.70666326309396,123.95857960493217,91,,
1,5332,369.54562769135936,194.37483726897858,46,high,008
1,5395,439.18901946806716,355.4986850733036,63,high,008
1,5503,571.5307041492116,427.32263040118545,108,low,009
1,5544,623.0852014104294,445.996324184694,41,low,009
1,5596,629.3367073327581,337.04726000794443,52,low,009
1,5653,430.7587557845138,237.9781452372705,57,high,008
1,5720,142.82988709210719,227.2920153528307,67,,
1,5782,-119.12833805805865,240.93879762905155,62,,
1,5845,-287.32785059507586,338.61857744829973,63,,
1,5904,-376.06595617294,409.0603364671342,59,,
1,6011,-435.41823084848124,482.42842105054683,107,,
1,6053,-489.2339738625527,467.4667476379783,42,,
1,6095,-439.5483179395693,395.5609202518238,42,,
1,6174,-327.0087636065448,336.0910960171638,79,,
1,6228,-126.16040979637232,321.81150649462813,54,,
1,6298,124.81443487469897,332.04999933640926,70,,
1,6340,317.4048984167707,366.8645953801392,42,high,008
1,6423,482.6964349578325,484.37335413936006,83,high,008
1,6499,510.8902507635683,482.2215141481404,76,high,008
1,6561,485.921254068507,418.20953520967896,62,high,008
1,6640,389.136796678885,360.27726025727975,79,high,008
1,6682,315.8244574723089,280.5632414416481,42,high,008
1,6769,259.1294875962055,211.98041934177428,87,high,008
1,6824,179.72990346732288,175.01530653814112,55,,
1,6903,183.75465268957748,166.8061373807892,79,,
1,6951,280.43654364207407,186.75739002271234,48,,
1,7024,366.7102275491963,187.58207609035406,73,,
1,7086,430.02325665199845,212.37464902211687,62,high,008
1,7149,400.5048059540041,194.25507100207346,63,high,008
1,7215,398.9018360581116,173.50372165091565,66,,
1,7274,349.0005541667416,133.27958605346547,59,,
1,7320,329.8089156870434,121.24399999360637,46,,
1,7394,250.6430668894318,94.37361543739931,74,,
1,7445,251.5680277427252,126.58309102238749,51,,
1,7528,221.69676985975332,150.6037682557892,83,,
1,7569,256.1665703325255,135.9396635471013,41,,
1,7648,372.26397289908516,86.02036872717429,79,,
1,7724,463.92432527982004,29.915153992897366,76,,
1,7773,711.5775948795344,107.00172610723554,49,,
1,7826,933.1003566907192,215.70379728401923,53,,
1,7894,1122.120458048509,358.5789492913948,68,,
1,7957,1215.6968763617458,466.83571101548546,63,,
1,8019,1244.5479202163738,516.8431649681993,62,,
1,8073,1253.248750689444,561.4089087600798,54,,
1,8157,1240.1682387575445,573.3994344821933,84,,
1,8157,1229.690922638457,579.9132358929935,0,,
1,8194,1189.0644992795776,534.4517054318324,37,,
1,8228,1176.3782975057213,514.0011230934011,34,,
1,8261,1132.0150291688806,456.061287288719,33,,
1,8294,1093.1190518496146,405.8323586529407,33,,
1,8331,875.5455806808802,275.87028868679175,37,low,009
1,8377,657.2732884289563,206.41744639470085,46,low,009
1,8398,498.55614071372025,164.80430341055396,21,,
1,8440,547.4407061862754,227.66186232668122,42,high,008
1,8482,596.1714002631561,286.0273871863098,42,low,009
1,8502,621.681223293693,274.79889804761115,20,low,009
1,8544,608.6159748902263,266.68392551961625,42,low,009
1,8565,521.8225476288071,119.41273061468033,21,,
1,8598,481.1685182259527,37.573029231337465,33,,
1,8636,349.05902113712756,-87.32258241151604,38,,
1,8677,257.8110494041431,-89.85028409493731,41,,
1,8699,167.81169809212773,-87.90258937061131,22,,
1,8740,96.01557622641849,-77.20783886474868,41,,
1,8761,36.03887493415281,-68.48207719470776,21,,
1,8798,34.67304031075409,-37.62727675740398,37,,
1,8844,17.621163782469658,-22.63074717855835,46,,
1,8865,-51.250090528006815,22.71834066641197,21,,
1,8907,-90.99704993901308,73.72582719344149,42,,
1,8927,-110.88024476790298,96.66276952591025,20,,
1,8961,-159.6222843098557,77.30020653372338,34,,
1,8998,-186.29503318329134,62.25758467886247,37,,
1,9040,-199.64730596077138,52.9275071364498,42,,
1,9061,-211.42424994273415,32.290363400786816,21,,
1,9111,-190.69517576226633,56.660135439250865,50,,
1,9129,-168.43556295962122,86.39353015268216,18,,
1,9169,-168.57951667969292,127.544552526806,40,,
1,9190,-162.93772622411592,173.20051072082356,21,,
1,9223,-86.47641776163307,185.95882880309904,33,,
1,9258,-24.771304100254476,186.64764343110846,35,,
1,9294,37.013956913719106,204.08812374460854,36,,
1,9340,65.3823543976225,260.88266690761503,46,,
1,9361,58.971651837415564,319.9139929665683,21,,
1,9406,51.346695762381174,367.8186926854511,45,,
1,9427,50.455830995905444,396.71157995913694,21,,
1,9473,37.622481264459424,419.0215046105153,46,,
1,9494,8.051087004187394,435.745720226092,21,,
1,9532,-4.21553200265617,444.1776821986806,38,,
1,9551,-10.581550418416306,427.1745957553924,19,,
1,9582,-18.771487726215184,414.50627264371025,31,,
1,9614,-11.66885490920219,399.1474285080551,32,,
1,9643,-16.321073370476896,380.9677264858449,29,,
1,9673,-29.03799000697483,356.68349162168664,30,,
1,9706,-39.65367832254039,335.51770093642887,33,,
1,9738,-25.26542305434026,315.3992325964446,32,,
1,9775,-73.51413682754524,272.1937086519373,37,,
1,9805,-69.59087452506736,279.0105497724048,30,,
1,9841,-65.28385160742651,286.06412103496245,36,,
1,9873,-90.4392991220521,290.65736982666704,32,,
1,9907,-111.25258512707998,295.2510210464303,34,,
1,9938,-105.52679479539546,281.0803297226002,31,,
1,9976,-86.97198368857276,262.0583278800324,38,,
1,10009,-20.875407151015864,263.70119131347184,33,,
1,10039,35.72475962771382,265.87711476696296,30,,
1,10072,116.04826288100358,261.5554555763725,33,,
1,10104,168.06217122026388,275.91818014990713,32,,
1,10138,271.84248972212447,307.7316361678631,34,high,008
1,10174,377.2839092244003,327.8882167911361,36,high,008
1,10205,454.59762578111815,326.8390813288479,31,high,008
1,10243,475.4850370507816,296.48833498757136,38,high,008
1,10278,507.8769339933732,281.1306466075121,35,high,008
1,10308,533.5972995445406,257.65363877122024,30,high,008
1,10337,534.8217025338967,233.5472007052818,29,high,008
1,10368,476.05380067796085,191.72204973033556,31,high,008
1,10398,442.1168397537604,142.2107295673825,30,,
1,10427,442.1629358672905,125.72535507461536,29,,
1,10459,381.7563604789293,77.46297981208417,32,,
1,10496,362.58524268863255,62.60306936219134,37,,
1,10539,284.1598865048187,0.21439608327406745,43,,
1,10573,276.35976037946995,-15.30085404685204,34,,
1,10610,231.73994574702118,-41.32157882110027,37,,
1,10647,207.01932148143243,-63.39823733423636,37,,
1,10698,176.98279661925818,-86.31171533251116,51,,
1,10715,162.17701565921195,-101.10625771185089,17,,
1,10754,119.41933519517593,-112.70718645814905,39,,
1,10770,110.38542944808569,-116.0100229618694,16,,
1,10801,96.64901712658765,-124.50061345968051,31,,
1,10832,95.95133598144838,-118.34554895303802,31,,
1,10861,86.84759619353923,-114.0509287094969,29,,
1,10893,68.96510085270172,-113.56808599225877,32,,
1,10923,64.42521073849834,-98.311061123879,30,,
1,10956,53.46587537885235,-97.90995609559423,33,,
1,10990,44.96757702403025,-86.4745760904865,34,,
1,11023,41.12137718496408,-68.90149141786993,33,,
1,11063,42.186474615703005,-68.36887140168504,40,,
1,11096,42.298402759387756,-70.0944774535955,33,,
1,11127,39.029591035953715,-63.00516206203456,31,,
1,11159,45.28352667968521,-69.31921503521022,32,,
1,11192,47.77093134688892,-53.9018769547289,33,,
1,11229,42.63653307068547,-56.78463690652975,37,,
1,11264,70.93380223131787,-49.832057823203854,35,,
1,11298,32.39773474980487,-55.10382101840554,34,,
1,11329,12.920203403576588,-61.69572631638127,31,,
1,11364,-13.77249490362233,-58.02419416167733,35,,
1,11402,-35.10476745126385,-54.392854764645094,38,,
1,11441,-79.29784982627842,-53.2113819997448,39,,
1,11489,-95.8897705982629,-60.444274260858734,48,,
1,11509,-88.99785104929325,-53.893121025637704,20,,
1,11564,-86.22718900692755,-61.65583125243446,55,,
1,11589,-93.11996652908199,-51.86290679698062,25,,
1,11623,-63.22010931835415,-43.22739238851963,34,,
1,11655,-36.658554454542255,-36.01070993101958,32,,
1,11686,-10.73530972929175,-31.174439992320718,31,,
1,11716,5.749984208137745,-14.836000109996418,30,,
1,11749,20.32498597962418,-8.118719479567673,33,,
1,11780,45.10996478507141,-9.539452016838421,31,,
1,11812,60.37292746235129,0.6797908349034945,32,,
1,11846,84.26030442697855,40.801837974310644,34,,
1,11887,103.35183656541513,74.31479659085365,41,,
1,11920,125.4744045502504,104.76092987208283,33,,
1,11950,156.34908278625593,125.66866549187823,30,,
1,11984,170.7053703129573,143.1633832218864,34,,
1,12013,203.46769057824974,151.9248050650774,29,,
1,12043,222.35359092459365,154.04246925203395,30,,
1,12077,209.80853236060486,151.70296652580913,34,,
1,12109,207.19477492330248,148.9495956650365,32,,
1,12140,204.66362350098262,155.0174011836226,31,,
1,12174,199.87467739737997,149.45583369431378,34,,
1,12206,185.8204292638623,134.58605331506257,32,,
1,12244,158.6390831622297,108.12054268749364,38,,
1,12278,139.24638245058782,97.54892893265443,34,,
1,12310,159.46064087447024,109.89180859306707,32,,
1,12342,140.37976068851881,99.47327188463166,32,,
1,12374,127.80177516453372,81.23090107571892,32,,
1,12408,138.87547570904775,86.08369732311192,34,,
1,12437,148.76006106652517,90.69353580370333,29,,
1,12478,157.37499586299072,94.94130209577762,41,,
1,12517,127.80771319447346,83.83499933862788,39,,
1,12553,99.92123395626687,68.73470298446412,36,,
1,12599,108.2707123901951,68.73314096317391,46,,
1,12638,143.38759668709014,92.25009133416167,39,,
1,12655,163.0458746125682,94.33303038534027,17,,
1,12688,147.68754465756484,75.11765997481292,33,,
1,12719,140.72461201373926,68.91466664730373,31,,
1,12750,117.14774025734432,81.43824950715688,31,,
1,12787,96.0730035923073,123.81774791437716,37,,
1,12822,74.11981052207324,155.72063406765028,35,,
1,12868,56.16373721805023,182.1779906052719,46,,
1,12901,39.25302474776663,174.51482907113095,33,,
1,12934,32.02494155861013,165.83227373168728,33,,
1,12973,23.197719406760665,166.82967681337846,39,,
